"","FIPS","State","Countynames","lowerthan_HS","with_HS","with_BS","BS_higher"
"3",1001,"AL","Autauga ",11.3,32.6,28.4,27.7
"4",1003,"AL","Baldwin ",9.7,27.6,31.3,31.3
"5",1005,"AL","Barbour ",27,35.7,25.1,12.2
"6",1007,"AL","Bibb ",16.8,47.3,24.4,11.5
"7",1009,"AL","Blount ",19.8,34,33.5,12.6
"8",1011,"AL","Bullock ",24.8,39.7,22.3,13.3
"9",1013,"AL","Butler ",15.4,43.9,24.6,16.1
"10",1015,"AL","Calhoun ",15.9,32.4,33.7,18
"11",1017,"AL","Chambers ",18.6,38.4,29.7,13.2
"12",1019,"AL","Cherokee ",19.8,38.3,29,12.9
"13",1021,"AL","Chilton ",17.8,44.1,24,14.2
"14",1023,"AL","Choctaw ",18.6,38.2,30.2,13
"15",1025,"AL","Clarke ",18.8,43.7,24.9,12.6
"16",1027,"AL","Clay ",24.5,36.3,29.1,10.2
"17",1029,"AL","Cleburne ",22.6,39.6,24.1,13.7
"18",1031,"AL","Coffee ",13.8,27.9,34.9,23.4
"19",1033,"AL","Colbert ",15.6,36,29.7,18.7
"20",1035,"AL","Conecuh ",19.2,48.8,21.3,10.7
"21",1037,"AL","Coosa ",20.4,38.6,29.5,11.6
"22",1039,"AL","Covington ",17.1,35.4,32.5,14.9
"23",1041,"AL","Crenshaw ",21.6,38.8,24,15.6
"24",1043,"AL","Cullman ",18.2,35.6,32.4,13.7
"25",1045,"AL","Dale ",14.2,32.7,36.1,17
"26",1047,"AL","Dallas ",19.3,35.2,30.4,15.1
"27",1049,"AL","DeKalb ",25.9,33.3,28.1,12.7
"28",1051,"AL","Elmore ",13.6,32.8,29,24.5
"29",1053,"AL","Escambia ",18.5,44.5,24.4,12.7
"30",1055,"AL","Etowah ",15.5,32.9,33.9,17.7
"31",1057,"AL","Fayette ",17.6,41.5,27.9,12.9
"32",1059,"AL","Franklin ",23.2,36.8,27.1,12.9
"33",1061,"AL","Geneva ",20.9,37.2,30.8,11.1
"34",1063,"AL","Greene ",24.1,36.8,29,10.1
"35",1065,"AL","Hale ",16.4,42.6,26.9,14.1
"36",1067,"AL","Henry ",19.8,33.5,28.7,18
"37",1069,"AL","Houston ",14.3,31.6,33,21
"38",1071,"AL","Jackson ",17.5,40.8,27.5,14.2
"39",1073,"AL","Jefferson ",10.3,26.8,30.6,32.4
"40",1075,"AL","Lamar ",17.6,39.9,30,12.5
"41",1077,"AL","Lauderdale ",12.6,36,27.5,23.9
"42",1079,"AL","Lawrence ",21,41.5,25.8,11.7
"43",1081,"AL","Lee ",9.5,24.1,32.3,34.1
"44",1083,"AL","Limestone ",15.7,30.3,28.5,25.5
"45",1085,"AL","Lowndes ",22.5,38.6,24.8,14.1
"46",1087,"AL","Macon ",18.3,30.1,30.9,20.7
"47",1089,"AL","Madison ",8.9,20.8,28.6,41.7
"48",1091,"AL","Marengo ",16.2,39.8,28.6,15.4
"49",1093,"AL","Marion ",20.3,34.8,31.7,13.1
"50",1095,"AL","Marshall ",19.1,31.1,30.5,19.2
"51",1097,"AL","Mobile ",13.8,33.5,29.8,22.9
"52",1099,"AL","Monroe ",16.3,46.1,23.5,14.1
"53",1101,"AL","Montgomery ",14.4,25.5,28,32.1
"54",1103,"AL","Morgan ",16.7,29.6,32,21.7
"55",1105,"AL","Perry ",21.9,39.4,22.9,15.7
"56",1107,"AL","Pickens ",19.4,36.7,30.4,13.5
"57",1109,"AL","Pike ",19,33.3,24.2,23.6
"58",1111,"AL","Randolph ",21.2,36.3,27.5,14.9
"59",1113,"AL","Russell ",16.7,32.3,34.5,16.5
"60",1115,"AL","St. Clair ",15.2,36,32.3,16.5
"61",1117,"AL","Shelby ",7.8,20.3,29.7,42.1
"62",1119,"AL","Sumter ",15.8,37.8,24.6,21.8
"63",1121,"AL","Talladega ",19,34.9,31.8,14.3
"64",1123,"AL","Tallapoosa ",19.5,32.9,29.2,18.3
"65",1125,"AL","Tuscaloosa ",11.6,29.9,28.3,30.3
"66",1127,"AL","Walker ",19.1,37.1,32.2,11.6
"67",1129,"AL","Washington ",19.6,43.2,26.1,11.1
"68",1131,"AL","Wilcox ",23.1,40.3,24.1,12.5
"69",1133,"AL","Winston ",21.9,37.4,27.3,13.5
"108",4001,"AZ","Apache ",20.4,33.1,34.8,11.7
"109",4003,"AZ","Cochise ",12.8,23.5,40.7,23
"110",4005,"AZ","Coconino ",10.4,21.4,32.6,35.6
"111",4007,"AZ","Gila ",14.7,28.6,38.2,18.5
"112",4009,"AZ","Graham ",14.4,29.9,40.5,15.3
"113",4011,"AZ","Greenlee ",11,36.2,40.9,11.9
"114",4012,"AZ","La Paz ",22.7,33,32,12.4
"115",4013,"AZ","Maricopa ",12.6,22.6,32.8,32
"116",4015,"AZ","Mohave ",14.7,34.8,37.6,12.9
"117",4017,"AZ","Navajo ",17.2,30.1,36.9,15.8
"118",4019,"AZ","Pima ",11.7,22.5,34,31.9
"119",4021,"AZ","Pinal ",14.6,29.7,36.8,19
"120",4023,"AZ","Santa Cruz ",24.4,27.2,27.4,21
"121",4025,"AZ","Yavapai ",9.7,25.7,39.4,25.2
"122",4027,"AZ","Yuma ",27.9,25.9,31.4,14.8
"124",5001,"AR","Arkansas ",17,38.3,29.2,15.5
"125",5003,"AR","Ashley ",17.7,39.9,29.2,13.2
"126",5005,"AR","Baxter ",11.8,35,34.8,18.3
"127",5007,"AR","Benton ",11.9,29.1,26.5,32.4
"128",5009,"AR","Boone ",13,33.8,37.2,16
"129",5011,"AR","Bradley ",18,41.6,25.1,15.2
"130",5013,"AR","Calhoun ",17.3,43.6,27,12.1
"131",5015,"AR","Carroll ",14.2,34.6,30.8,20.4
"132",5017,"AR","Chicot ",19.3,39.2,26.7,14.7
"133",5019,"AR","Clark ",10.8,30.5,31,27.6
"134",5021,"AR","Clay ",19.3,41.2,27.8,11.6
"135",5023,"AR","Cleburne ",15.3,40.7,29.1,14.9
"136",5025,"AR","Cleveland ",11.4,47.2,25.2,16.2
"137",5027,"AR","Columbia ",15,39.9,24.5,20.6
"138",5029,"AR","Conway ",14.1,43.4,26.5,16
"139",5031,"AR","Craighead ",10.9,34.1,28.7,26.3
"140",5033,"AR","Crawford ",14.8,37.4,32.4,15.3
"141",5035,"AR","Crittenden ",17.6,35,29.4,18
"142",5037,"AR","Cross ",17.2,41.5,25.8,15.4
"143",5039,"AR","Dallas ",16.4,43.4,26.6,13.7
"144",5041,"AR","Desha ",21.2,44,22.4,12.4
"145",5043,"AR","Drew ",14.9,35.4,29.1,20.6
"146",5045,"AR","Faulkner ",8.7,30.5,30.7,30
"147",5047,"AR","Franklin ",17.4,40.1,30.7,11.8
"148",5049,"AR","Fulton ",15.4,37.2,35.6,11.8
"149",5051,"AR","Garland ",11.6,31.5,36.7,20.2
"150",5053,"AR","Grant ",8.5,44.2,29,18.3
"151",5055,"AR","Greene ",12.7,44.2,27.2,15.9
"152",5057,"AR","Hempstead ",19,36.9,28.9,15.1
"153",5059,"AR","Hot Spring ",14.6,39.6,31.1,14.7
"154",5061,"AR","Howard ",17.1,37.3,30.8,14.7
"155",5063,"AR","Independence ",14.2,35.8,31,18.9
"156",5065,"AR","Izard ",14.9,37.8,33.5,13.8
"157",5067,"AR","Jackson ",21.1,41.1,27.7,10.2
"158",5069,"AR","Jefferson ",14,38.5,29.7,17.8
"159",5071,"AR","Johnson ",20.6,41.2,22.3,15.8
"160",5073,"AR","Lafayette ",18.3,41.3,24,16.5
"161",5075,"AR","Lawrence ",14.5,40.4,30.1,15
"162",5077,"AR","Lee ",27,40.8,23.3,8.9
"163",5079,"AR","Lincoln ",18.7,50.3,22.1,8.9
"164",5081,"AR","Little River ",11.8,42.7,34,11.4
"165",5083,"AR","Logan ",14.9,45,28,12.1
"166",5085,"AR","Lonoke ",11.3,35.1,33.3,20.3
"167",5087,"AR","Madison ",20.3,45.6,21.6,12.5
"168",5089,"AR","Marion ",13.1,36.8,32.8,17.2
"169",5091,"AR","Miller ",14,35.9,33.5,16.6
"170",5093,"AR","Mississippi ",19.3,38.6,29.3,12.8
"171",5095,"AR","Monroe ",22.9,43,23.6,10.5
"172",5097,"AR","Montgomery ",21.8,36.5,30.9,10.8
"173",5099,"AR","Nevada ",13.2,43.8,27.6,15.4
"174",5101,"AR","Newton ",17.4,40.8,25.6,16.2
"175",5103,"AR","Ouachita ",14.4,41.6,28,16
"176",5105,"AR","Perry ",16.6,40.7,30.8,11.9
"177",5107,"AR","Phillips ",21.6,30.1,34.3,14
"178",5109,"AR","Pike ",15.2,38.9,31.2,14.7
"179",5111,"AR","Poinsett ",19.4,44.3,26.3,10.1
"180",5113,"AR","Polk ",15.4,37.4,34,13.3
"181",5115,"AR","Pope ",15.2,35.5,27.4,22
"182",5117,"AR","Prairie ",17.8,40,27.1,15.1
"183",5119,"AR","Pulaski ",9.6,26.2,30.2,34.1
"184",5121,"AR","Randolph ",17.3,35.6,33.1,14
"185",5123,"AR","St. Francis ",19.4,38.8,31.2,10.6
"186",5125,"AR","Saline ",9.6,31.5,32.9,26.1
"187",5127,"AR","Scott ",21.1,43,26.8,9.1
"188",5129,"AR","Searcy ",15.5,45.1,26.9,12.5
"189",5131,"AR","Sebastian ",16.8,32,31.4,19.7
"190",5133,"AR","Sevier ",25.7,36.1,26.7,11.5
"191",5135,"AR","Sharp ",16.4,42,30.3,11.3
"192",5137,"AR","Stone ",20.4,36.3,30.5,12.8
"193",5139,"AR","Union ",15.2,35.2,28.7,20.8
"194",5141,"AR","Van Buren ",14.2,43.9,27.8,14.1
"195",5143,"AR","Washington ",15,26.3,25.8,32.8
"196",5145,"AR","White ",14.6,38.4,25.6,21.4
"197",5147,"AR","Woodruff ",20,42.5,25.5,12
"198",5149,"AR","Yell ",19.9,40.9,25.7,13.5
"200",6001,"CA","Alameda ",12,17.6,24.4,46
"201",6003,"CA","Alpine ",11.1,28.7,30.2,30
"202",6005,"CA","Amador ",9.7,28.7,41.3,20.3
"203",6007,"CA","Butte ",10.7,22.7,40,26.5
"204",6009,"CA","Calaveras ",9.6,27.6,44,18.7
"205",6011,"CA","Colusa ",30.6,23.7,30.3,15.4
"206",6013,"CA","Contra Costa ",10.6,17.6,30.1,41.7
"207",6015,"CA","Del Norte ",19,31.5,35.2,14.3
"208",6017,"CA","El Dorado ",6.9,21.2,38.2,33.7
"209",6019,"CA","Fresno ",24.7,22.9,31.7,20.7
"210",6021,"CA","Glenn ",24.7,28.2,33.2,13.9
"211",6023,"CA","Humboldt ",9.7,23.5,37.1,29.8
"212",6025,"CA","Imperial ",31,24.5,30,14.5
"213",6027,"CA","Inyo ",11.2,29.3,33.5,26.1
"214",6029,"CA","Kern ",26.2,27.7,30,16.1
"215",6031,"CA","Kings ",26.3,25.5,34.7,13.5
"216",6033,"CA","Lake ",14.8,30.1,39.3,15.8
"217",6035,"CA","Lassen ",17.2,33.2,37.5,12
"218",6037,"CA","Los Angeles ",21.3,20.7,26.2,31.8
"219",6039,"CA","Madera ",28.1,25,32.4,14.5
"220",6041,"CA","Marin ",6.8,10.9,23.5,58.8
"221",6043,"CA","Mariposa ",9.6,26.5,40.4,23.4
"222",6045,"CA","Mendocino ",13.1,25.8,36.5,24.7
"223",6047,"CA","Merced ",30.6,25.8,29.6,14
"224",6049,"CA","Modoc ",14.4,32.3,37.4,15.9
"225",6051,"CA","Mono ",11.3,22.8,35.3,30.6
"226",6053,"CA","Monterey ",28.7,20.4,26.4,24.5
"227",6055,"CA","Napa ",14.9,18,32.2,34.9
"228",6057,"CA","Nevada ",5.8,18.4,39.2,36.6
"229",6059,"CA","Orange ",14.9,17.1,28.1,39.9
"230",6061,"CA","Placer ",5.4,18.2,37.8,38.6
"231",6063,"CA","Plumas ",6.1,25.2,45.2,23.5
"232",6065,"CA","Riverside ",18.3,26.9,33,21.8
"233",6067,"CA","Sacramento ",12.6,22.3,34.6,30.4
"234",6069,"CA","San Benito ",20.1,24.8,35.4,19.7
"235",6071,"CA","San Bernardino ",20.5,26.5,32.8,20.3
"236",6073,"CA","San Diego ",12.9,18.4,30.6,38.1
"237",6075,"CA","San Francisco ",11.5,12.3,19.1,57.1
"238",6077,"CA","San Joaquin ",21.1,28.2,32.2,18.4
"239",6079,"CA","San Luis Obispo ",9.1,19.8,36.4,34.6
"240",6081,"CA","San Mateo ",10.8,15,24.2,49.9
"241",6083,"CA","Santa Barbara ",19,17.9,29.2,33.8
"242",6085,"CA","Santa Clara ",11.9,14.5,22.3,51.3
"243",6087,"CA","Santa Cruz ",13.6,15.8,30.6,40
"244",6089,"CA","Shasta ",9.2,24.8,43.8,22.2
"245",6091,"CA","Sierra ",6.7,26.6,48,18.7
"246",6093,"CA","Siskiyou ",10,25.5,41.9,22.5
"247",6095,"CA","Solano ",12,23.3,38.5,26.2
"248",6097,"CA","Sonoma ",12,18.8,34.4,34.9
"249",6099,"CA","Stanislaus ",21.7,28.6,32.8,16.9
"250",6101,"CA","Sutter ",22,23.9,36.4,17.7
"251",6103,"CA","Tehama ",15.6,30.7,38.2,15.5
"252",6105,"CA","Trinity ",9.4,33.4,37.6,19.7
"253",6107,"CA","Tulare ",30.2,26,29.5,14.3
"254",6109,"CA","Tuolumne ",9.6,28.4,42,20
"255",6111,"CA","Ventura ",15.6,18.9,32.4,33.1
"256",6113,"CA","Yolo ",13.6,18.5,26.3,41.6
"257",6115,"CA","Yuba ",18,23.1,42.3,16.7
"259",8001,"CO","Adams ",17,28.4,31,23.6
"260",8003,"CO","Alamosa ",13.5,27.3,33.1,26.1
"261",8005,"CO","Arapahoe ",7.6,20.7,29.5,42.2
"262",8007,"CO","Archuleta ",8,21.5,31.7,38.9
"263",8009,"CO","Baca ",15.2,27.3,35.3,22.1
"264",8011,"CO","Bent ",14.2,48.6,24.7,12.4
"265",8013,"CO","Boulder ",4.9,12.3,22,60.8
"266",8014,"CO","Broomfield ",3.2,14.7,26.7,55.5
"267",8015,"CO","Chaffee ",7.1,26.7,32.6,33.5
"268",8017,"CO","Cheyenne ",9.9,36.4,33.8,20
"269",8019,"CO","Clear Creek ",1.7,20.9,30.9,46.5
"270",8021,"CO","Conejos ",13.4,32.4,34,20.2
"271",8023,"CO","Costilla ",21.5,23.8,35.6,19.1
"272",8025,"CO","Crowley ",15.2,41.7,33.5,9.6
"273",8027,"CO","Custer ",7,21,35.1,36.9
"274",8029,"CO","Delta ",9.6,38.2,31,21.2
"275",8031,"CO","Denver ",12.9,17,22.2,47.9
"276",8033,"CO","Dolores ",8.2,38.3,32.2,21.3
"277",8035,"CO","Douglas ",2,12.2,27.9,57.9
"278",8037,"CO","Eagle ",10.7,15.7,25.4,48.1
"279",8039,"CO","Elbert ",3.3,24.6,36.2,35.9
"280",8041,"CO","El Paso ",6.3,20.2,35.6,37.9
"281",8043,"CO","Fremont ",9.7,39.8,32.3,18.2
"282",8045,"CO","Garfield ",12.2,28.5,29.2,30
"283",8047,"CO","Gilpin ",2.4,22,36.8,38.7
"284",8049,"CO","Grand ",4.5,26.5,31.2,37.8
"285",8051,"CO","Gunnison ",2.8,16,25.9,55.3
"286",8053,"CO","Hinsdale ",6.2,25.7,24.3,43.9
"287",8055,"CO","Huerfano ",8.5,28.7,41.3,21.4
"288",8057,"CO","Jackson ",12.4,29.6,41.1,16.8
"289",8059,"CO","Jefferson ",5.6,20.6,29.7,44.1
"290",8061,"CO","Kiowa ",4.1,38,36.5,21.5
"291",8063,"CO","Kit Carson ",11.5,37.7,31.8,18.9
"292",8065,"CO","Lake ",14.5,27.1,24.4,34
"293",8067,"CO","La Plata ",5,20.3,30.8,43.9
"294",8069,"CO","Larimer ",4.2,19.2,30.2,46.3
"295",8071,"CO","Las Animas ",12.2,28.8,39.3,19.7
"296",8073,"CO","Lincoln ",9.7,53.1,24.4,12.8
"297",8075,"CO","Logan ",10.5,32.7,36.3,20.5
"298",8077,"CO","Mesa ",9.9,27.3,35.4,27.4
"299",8079,"CO","Mineral ",3.2,19.3,37.6,39.9
"300",8081,"CO","Moffat ",9.1,40.4,33.5,17.1
"301",8083,"CO","Montezuma ",10.5,29.4,31.5,28.6
"302",8085,"CO","Montrose ",11.2,31.8,33.1,23.9
"303",8087,"CO","Morgan ",19.9,31.1,31.4,17.6
"304",8089,"CO","Otero ",14.6,29.2,38.4,17.7
"305",8091,"CO","Ouray ",1.6,18.2,31.6,48.6
"306",8093,"CO","Park ",3,29.9,36.9,30.2
"307",8095,"CO","Phillips ",11.8,27.6,35.1,25.5
"308",8097,"CO","Pitkin ",3.7,14.8,18.4,63.1
"309",8099,"CO","Prowers ",17.9,25.9,38.8,17.4
"310",8101,"CO","Pueblo ",10.6,28.7,38.8,22
"311",8103,"CO","Rio Blanco ",7.2,33.7,38.8,20.2
"312",8105,"CO","Rio Grande ",15.7,30.2,30.4,23.7
"313",8107,"CO","Routt ",3.2,19.7,26.6,50.4
"314",8109,"CO","Saguache ",19.6,29.8,27.8,22.9
"315",8111,"CO","San Juan ",7.1,26.7,31.7,34.5
"316",8113,"CO","San Miguel ",5,15.2,23.2,56.7
"317",8115,"CO","Sedgwick ",9.9,30,39.3,20.8
"318",8117,"CO","Summit ",6.7,19,23.3,51
"319",8119,"CO","Teller ",4.2,25.5,36.2,34
"320",8121,"CO","Washington ",7.5,32,44.3,16.2
"321",8123,"CO","Weld ",11.9,27.5,33.8,26.7
"322",8125,"CO","Yuma ",11.9,33.5,32.5,22.1
"324",9001,"CT","Fairfield ",10.1,21.7,20.9,47.4
"325",9003,"CT","Hartford ",10.5,26.9,24.9,37.8
"326",9005,"CT","Litchfield ",7.4,29.7,27.8,35.1
"327",9007,"CT","Middlesex ",5.8,26.1,26.6,41.5
"328",9009,"CT","New Haven ",9.9,30.9,24.3,34.9
"329",9011,"CT","New London ",8.1,29.8,28.8,33.3
"330",9013,"CT","Tolland ",5.4,27.5,25.9,41.2
"331",9015,"CT","Windham ",11.4,33,31.5,24.1
"333",10001,"DE","Kent ",12.9,33.2,30.4,23.6
"334",10003,"DE","New Castle ",8.5,30.6,25,35.9
"335",10005,"DE","Sussex ",12.3,32.8,28.4,26.5
"339",12001,"FL","Alachua ",7.6,21.7,28.1,42.5
"340",12003,"FL","Baker ",15.5,42.8,28.4,13.4
"341",12005,"FL","Bay ",9.7,31.4,36.1,22.8
"342",12007,"FL","Bradford ",21.7,39.7,28,10.6
"343",12009,"FL","Brevard ",8,28.6,34.1,29.3
"344",12011,"FL","Broward ",11.2,27.4,29.5,31.9
"345",12013,"FL","Calhoun ",21.9,41.9,26.3,9.9
"346",12015,"FL","Charlotte ",9.7,33.8,33.3,23.2
"347",12017,"FL","Citrus ",11.9,38.3,32.1,17.6
"348",12019,"FL","Clay ",8.9,31.6,35.5,24.1
"349",12021,"FL","Collier ",13.6,25.4,24.8,36.2
"350",12023,"FL","Columbia ",13.3,36.1,35,15.6
"351",12027,"FL","DeSoto ",27.3,43.1,18.1,11.4
"352",12029,"FL","Dixie ",20.7,44.7,25.2,9.4
"353",12031,"FL","Duval ",10.5,27.9,32.5,29.2
"354",12033,"FL","Escambia ",9.2,27.3,37.1,26.4
"355",12035,"FL","Flagler ",8,33.9,33.7,24.4
"356",12037,"FL","Franklin ",19.7,35.7,27.4,17.1
"357",12039,"FL","Gadsden ",20.7,36.6,26.1,16.7
"358",12041,"FL","Gilchrist ",14.1,42.2,29.6,14.2
"359",12043,"FL","Glades ",24.4,40.6,25.1,9.9
"360",12045,"FL","Gulf ",15.1,37.3,29.9,17.7
"361",12047,"FL","Hamilton ",23.9,44,22.8,9.3
"362",12049,"FL","Hardee ",24.2,47.9,17.4,10.4
"363",12051,"FL","Hendry ",34.3,34.8,22.7,8.2
"364",12053,"FL","Hernando ",12.6,36.4,33.5,17.5
"365",12055,"FL","Highlands ",15.3,38,29.8,17
"366",12057,"FL","Hillsborough ",11.6,27.1,28.6,32.7
"367",12059,"FL","Holmes ",22.6,39,28.1,10.3
"368",12061,"FL","Indian River ",11.3,29.7,30.6,28.3
"369",12063,"FL","Jackson ",19.3,37.4,29.8,13.4
"370",12065,"FL","Jefferson ",17.9,33.3,26.7,22
"371",12067,"FL","Lafayette ",23.9,40.8,19.6,15.8
"372",12069,"FL","Lake ",10.7,32.9,33.7,22.7
"373",12071,"FL","Lee ",12,30.8,29.4,27.8
"374",12073,"FL","Leon ",6.4,19.1,28.8,45.7
"375",12075,"FL","Levy ",15.7,41.1,30.5,12.6
"376",12077,"FL","Liberty ",18.6,47.9,20.8,12.7
"377",12079,"FL","Madison ",19.3,38.1,28.8,13.8
"378",12081,"FL","Manatee ",10.8,30.4,29.5,29.3
"379",12083,"FL","Marion ",12.7,37.5,30.5,19.4
"380",12085,"FL","Martin ",9.5,25.2,32.4,33
"381",12086,"FL","Miami-Dade ",18.5,27.7,24.9,28.8
"382",12087,"FL","Monroe ",8.7,27.3,30.7,33.3
"383",12089,"FL","Nassau ",8.6,32.7,30.4,28.2
"384",12091,"FL","Okaloosa ",8.2,24.7,36.5,30.6
"385",12093,"FL","Okeechobee ",25,38.4,25.2,11.4
"386",12095,"FL","Orange ",11.5,24.5,30.1,33.8
"387",12097,"FL","Osceola ",13.2,31.9,34.3,20.5
"388",12099,"FL","Palm Beach ",11.8,24.5,28,35.7
"389",12101,"FL","Pasco ",11,33.1,32.5,23.4
"390",12103,"FL","Pinellas ",8.9,28.3,31.9,31
"391",12105,"FL","Polk ",15.2,35.4,29.4,20
"392",12107,"FL","Putnam ",19.1,40.7,27.8,12.4
"393",12109,"FL","St. Johns ",5.4,21.4,29.4,43.7
"394",12111,"FL","St. Lucie ",13.9,33.7,32.1,20.3
"395",12113,"FL","Santa Rosa ",8.4,27.2,36.3,28.1
"396",12115,"FL","Sarasota ",7.2,29.1,29.1,34.7
"397",12117,"FL","Seminole ",5.7,21.7,34.3,38.2
"398",12119,"FL","Sumter ",8.4,30.2,30.2,31.1
"399",12121,"FL","Suwannee ",18.5,39.3,27.5,14.7
"400",12123,"FL","Taylor ",22.6,43.3,26.8,7.4
"401",12125,"FL","Union ",23.1,37.9,30.7,8.3
"402",12127,"FL","Volusia ",10,32.2,34.2,23.6
"403",12129,"FL","Wakulla ",12.1,35.9,33.6,18.4
"404",12131,"FL","Walton ",11.5,27.6,32.5,28.4
"405",12133,"FL","Washington ",18.8,41.5,28,11.7
"407",13001,"GA","Appling ",25.5,38.3,26.5,9.7
"408",13003,"GA","Atkinson ",30.9,40.3,18.9,9.9
"409",13005,"GA","Bacon ",18.5,41.9,29.6,10.1
"410",13007,"GA","Baker ",21.7,38.9,27.1,12.3
"411",13009,"GA","Baldwin ",15.6,36.4,27.1,20.9
"412",13011,"GA","Banks ",22.9,40.6,23.6,12.8
"413",13013,"GA","Barrow ",17,34.4,31.1,17.6
"414",13015,"GA","Bartow ",17,33,30.6,19.5
"415",13017,"GA","Ben Hill ",17.3,44.2,26.4,12
"416",13019,"GA","Berrien ",21.9,42.3,23.9,11.8
"417",13021,"GA","Bibb ",14.3,31.6,28.5,25.7
"418",13023,"GA","Bleckley ",12.4,41.7,28.7,17.2
"419",13025,"GA","Brantley ",20,46.6,25.2,8.2
"420",13027,"GA","Brooks ",17.2,38.1,29.5,15.2
"421",13029,"GA","Bryan ",8.1,25.6,33.8,32.6
"422",13031,"GA","Bulloch ",13.1,27.3,32.2,27.4
"423",13033,"GA","Burke ",20.8,37.4,29.1,12.6
"424",13035,"GA","Butts ",20.8,44,23.8,11.4
"425",13037,"GA","Calhoun ",25.7,39.3,25.7,9.4
"426",13039,"GA","Camden ",8.2,31.5,35.8,24.5
"427",13043,"GA","Candler ",23.4,36.1,26.4,14.1
"428",13045,"GA","Carroll ",16.3,33.2,30,20.6
"429",13047,"GA","Catoosa ",12.6,32.4,34.3,20.8
"430",13049,"GA","Charlton ",26.7,39.1,23.7,10.5
"431",13051,"GA","Chatham ",10.4,24.3,32.1,33.2
"432",13053,"GA","Chattahoochee ",7.2,25.9,33.6,33.4
"433",13055,"GA","Chattooga ",26.9,38.7,24.5,9.8
"434",13057,"GA","Cherokee ",8.6,22.8,31.6,37
"435",13059,"GA","Clarke ",12.9,21.1,23.3,42.7
"436",13061,"GA","Clay ",20.2,42.3,29.5,7.9
"437",13063,"GA","Clayton ",15.3,32.9,32.3,19.5
"438",13065,"GA","Clinch ",29.2,31.7,28,11.1
"439",13067,"GA","Cobb ",8.2,18.7,26.6,46.5
"440",13069,"GA","Coffee ",22.6,38.6,25.6,13.2
"441",13071,"GA","Colquitt ",26.2,39.4,22,12.5
"442",13073,"GA","Columbia ",7.4,24.9,32.6,35.1
"443",13075,"GA","Cook ",20.1,34.4,30,15.5
"444",13077,"GA","Coweta ",11.2,28.6,30.3,29.8
"445",13079,"GA","Crawford ",16.5,39.4,33.8,10.3
"446",13081,"GA","Crisp ",19.9,39.1,27.3,13.7
"447",13083,"GA","Dade ",20.9,35.8,29.5,13.9
"448",13085,"GA","Dawson ",14,28.6,27.1,30.4
"449",13087,"GA","Decatur ",18.4,36.1,30.9,14.6
"450",13089,"GA","DeKalb ",11,20.8,24.8,43.4
"451",13091,"GA","Dodge ",16.8,42.3,27.3,13.7
"452",13093,"GA","Dooly ",24.8,39.6,24.3,11.3
"453",13095,"GA","Dougherty ",17.5,29,32.1,21.4
"454",13097,"GA","Douglas ",12,30.7,30.1,27.1
"455",13099,"GA","Early ",19.9,36,28.5,15.6
"456",13101,"GA","Echols ",28.5,38.2,24.5,8.8
"457",13103,"GA","Effingham ",12,37.8,30.1,20.1
"458",13105,"GA","Elbert ",22.6,43.1,23.5,10.8
"459",13107,"GA","Emanuel ",20.8,42.9,23.9,12.4
"460",13109,"GA","Evans ",25.7,37.5,21.4,15.5
"461",13111,"GA","Fannin ",13.3,34.3,31.2,21.3
"462",13113,"GA","Fayette ",5.2,20.7,27.5,46.5
"463",13115,"GA","Floyd ",19,33.1,27.5,20.4
"464",13117,"GA","Forsyth ",7.2,16.6,24.5,51.7
"465",13119,"GA","Franklin ",20,40.1,26.3,13.5
"466",13121,"GA","Fulton ",7.9,18.3,22.4,51.4
"467",13123,"GA","Gilmer ",18.1,36.4,25.4,20
"468",13125,"GA","Glascock ",22.6,42.1,26.2,9
"469",13127,"GA","Glynn ",12.1,27,31.3,29.6
"470",13129,"GA","Gordon ",22.3,35.2,28.1,14.4
"471",13131,"GA","Grady ",19.7,37.8,28.3,14.1
"472",13133,"GA","Greene ",16.8,33.6,23.7,25.8
"473",13135,"GA","Gwinnett ",12.3,22.8,28.8,36.1
"474",13137,"GA","Habersham ",21.8,33.7,25.8,18.7
"475",13139,"GA","Hall ",21.6,27.5,26.9,24
"476",13141,"GA","Hancock ",28.5,42.9,19.8,8.8
"477",13143,"GA","Haralson ",19.3,36.6,30.1,14
"478",13145,"GA","Harris ",9.2,23.5,37.4,29.9
"479",13147,"GA","Hart ",19.6,36.7,28.6,15.1
"480",13149,"GA","Heard ",20.7,43.5,26,9.8
"481",13151,"GA","Henry ",9.6,31.1,31,28.3
"482",13153,"GA","Houston ",9.1,27.2,36.4,27.3
"483",13155,"GA","Irwin ",18.4,40.6,26.7,14.3
"484",13157,"GA","Jackson ",16.3,32.3,30.4,21
"485",13159,"GA","Jasper ",21.4,38.9,28.9,10.8
"486",13161,"GA","Jeff Davis ",22.3,40.4,27.3,10
"487",13163,"GA","Jefferson ",24.9,41.3,22.8,11
"488",13165,"GA","Jenkins ",20.7,40.5,29.5,9.3
"489",13167,"GA","Johnson ",22.8,44,22.8,10.4
"490",13169,"GA","Jones ",12.6,36.7,30.6,20.1
"491",13171,"GA","Lamar ",13.3,40.1,29.5,17.1
"492",13173,"GA","Lanier ",20.6,35.7,27.3,16.4
"493",13175,"GA","Laurens ",14.9,43.4,26.2,15.6
"494",13177,"GA","Lee ",9.4,30.8,34.2,25.6
"495",13179,"GA","Liberty ",9.1,32,40.6,18.3
"496",13181,"GA","Lincoln ",17.6,41.4,27.6,13.5
"497",13183,"GA","Long ",14.8,31.5,38.1,15.5
"498",13185,"GA","Lowndes ",14.9,30,29.6,25.6
"499",13187,"GA","Lumpkin ",16.3,29.2,28.3,26.2
"500",13189,"GA","McDuffie ",17.8,40.5,27.9,13.7
"501",13191,"GA","McIntosh ",13.7,38.1,32.6,15.6
"502",13193,"GA","Macon ",27.2,34.1,30.1,8.6
"503",13195,"GA","Madison ",16.7,38,27.2,18
"504",13197,"GA","Marion ",23.1,38.1,25.8,13.1
"505",13199,"GA","Meriwether ",20.9,38.9,28.8,11.5
"506",13201,"GA","Miller ",17.7,38.1,31.9,12.3
"507",13205,"GA","Mitchell ",25.3,38.2,25.5,11.1
"508",13207,"GA","Monroe ",15,33.9,24.8,26.3
"509",13209,"GA","Montgomery ",18.3,39,28.5,14.1
"510",13211,"GA","Morgan ",13.5,34.8,30.9,20.8
"511",13213,"GA","Murray ",30.7,37.8,22.2,9.4
"512",13215,"GA","Muscogee ",12.7,27.3,33.9,26.2
"513",13217,"GA","Newton ",14.2,33.6,32.6,19.6
"514",13219,"GA","Oconee ",5.5,19.6,23.7,51.1
"515",13221,"GA","Oglethorpe ",20.6,36.6,25.8,16.9
"516",13223,"GA","Paulding ",9.9,33.1,32.8,24.1
"517",13225,"GA","Peach ",16,29,35.5,19.4
"518",13227,"GA","Pickens ",15.1,29.1,32.1,23.7
"519",13229,"GA","Pierce ",16.3,44,27.7,11.9
"520",13231,"GA","Pike ",13,40.9,30.1,15.9
"521",13233,"GA","Polk ",20.9,39.6,27.3,12.2
"522",13235,"GA","Pulaski ",19.6,37.5,30.5,12.4
"523",13237,"GA","Putnam ",14.6,37.5,25.7,22.2
"524",13239,"GA","Quitman ",32.4,34.3,24.2,9.1
"525",13241,"GA","Rabun ",15.8,34,25.4,24.8
"526",13243,"GA","Randolph ",24.2,37.2,27,11.7
"527",13245,"GA","Richmond ",16.6,30.7,31.3,21.3
"528",13247,"GA","Rockdale ",11.8,31.5,30.2,26.5
"529",13249,"GA","Schley ",15.7,35.3,36.1,12.9
"530",13251,"GA","Screven ",16.9,42.7,26.2,14.2
"531",13253,"GA","Seminole ",14.5,39.6,31.5,14.4
"532",13255,"GA","Spalding ",18.1,39.4,26.1,16.4
"533",13257,"GA","Stephens ",16.5,36.7,24.6,22.1
"534",13259,"GA","Stewart ",28.4,42.2,18.2,11.2
"535",13261,"GA","Sumter ",19.3,33.2,28.8,18.6
"536",13263,"GA","Talbot ",19.5,44.3,24.1,12
"537",13265,"GA","Taliaferro ",28.8,47.8,16.4,7
"538",13267,"GA","Tattnall ",24.6,39.1,23.2,13.2
"539",13269,"GA","Taylor ",21.8,37.5,29.5,11.2
"540",13271,"GA","Telfair ",29.7,45.9,16.1,8.4
"541",13273,"GA","Terrell ",23.4,31.9,32.4,12.3
"542",13275,"GA","Thomas ",17.4,30.9,28.7,23.1
"543",13277,"GA","Tift ",18.2,34.5,30.8,16.5
"544",13279,"GA","Toombs ",19.1,38.5,26.6,15.8
"545",13281,"GA","Towns ",10.8,30.8,32.2,26.2
"546",13283,"GA","Treutlen ",25.5,38.9,21.9,13.6
"547",13285,"GA","Troup ",17.1,34.3,30.1,18.5
"548",13287,"GA","Turner ",17.6,40.4,29.5,12.5
"549",13289,"GA","Twiggs ",29.2,37.6,23.8,9.4
"550",13291,"GA","Union ",11.1,34.2,32.3,22.4
"551",13293,"GA","Upson ",20.1,35.9,30.3,13.7
"552",13295,"GA","Walker ",18.1,36.2,29.7,15.9
"553",13297,"GA","Walton ",12.7,37.8,29.6,19.9
"554",13299,"GA","Ware ",17.1,40.9,28.2,13.9
"555",13301,"GA","Warren ",26.5,42.4,17.7,13.4
"556",13303,"GA","Washington ",19.8,42.5,23.7,14
"557",13305,"GA","Wayne ",18.1,40.6,28.5,12.9
"558",13307,"GA","Webster ",22.5,44.8,21,11.7
"559",13309,"GA","Wheeler ",22,48.7,16.4,12.8
"560",13311,"GA","White ",14.9,31.6,32.1,21.4
"561",13313,"GA","Whitfield ",30.6,28.9,24.7,15.7
"562",13315,"GA","Wilcox ",17.7,48.4,22.5,11.4
"563",13317,"GA","Wilkes ",19.5,44.8,23.1,12.6
"564",13319,"GA","Wilkinson ",15.5,52.3,21.6,10.6
"565",13321,"GA","Worth ",18.7,41.8,29.1,10.4
"567",15001,"HI","Hawaii ",7.6,30.4,32.5,29.5
"568",15003,"HI","Honolulu ",8.3,26.2,31.1,34.3
"569",15005,"HI","Kalawao ",13,27.5,34.8,24.6
"570",15007,"HI","Kauai ",8.2,30.1,32.2,29.5
"571",15009,"HI","Maui ",8,31.8,33.6,26.6
"573",16001,"ID","Ada ",4.9,23,34.4,37.8
"574",16003,"ID","Adams ",10.4,37.7,32.9,19.1
"575",16005,"ID","Bannock ",8.1,26.5,38.2,27.2
"576",16007,"ID","Bear Lake ",6.2,38.8,34.7,20.3
"577",16009,"ID","Benewah ",11.7,38.9,34.2,15.1
"578",16011,"ID","Bingham ",12.5,30,36.8,20.7
"579",16013,"ID","Blaine ",11.6,22.1,28.1,38.2
"580",16015,"ID","Boise ",6.3,27.4,39.2,27.2
"581",16017,"ID","Bonner ",9.2,30.5,37.3,23.1
"582",16019,"ID","Bonneville ",8.3,26.1,35.5,30.1
"583",16021,"ID","Boundary ",8,41.1,31.9,19
"584",16023,"ID","Butte ",5,36.9,40,18.2
"585",16025,"ID","Camas ",6.4,38,36.1,19.5
"586",16027,"ID","Canyon ",15.4,32,34.3,18.3
"587",16029,"ID","Caribou ",7.8,32.6,39.8,19.9
"588",16031,"ID","Cassia ",17.5,29.9,33.9,18.6
"589",16033,"ID","Clark ",39.2,23.6,21.6,15.5
"590",16035,"ID","Clearwater ",10.5,34.8,37.8,16.9
"591",16037,"ID","Custer ",10.6,29.8,36.5,23
"592",16039,"ID","Elmore ",10.6,28,44.9,16.4
"593",16041,"ID","Franklin ",8.8,36.3,36.8,18.1
"594",16043,"ID","Fremont ",12.3,32,34.8,20.9
"595",16045,"ID","Gem ",12.1,39.2,33.9,14.8
"596",16047,"ID","Gooding ",20.2,37.2,27.4,15.2
"597",16049,"ID","Idaho ",9.4,35.1,35.3,20.2
"598",16051,"ID","Jefferson ",10.9,27.7,38.8,22.6
"599",16053,"ID","Jerome ",22.3,32.7,30.1,14.9
"600",16055,"ID","Kootenai ",7.5,27.1,40.4,24.9
"601",16057,"ID","Latah ",3.7,19.9,31.3,45.1
"602",16059,"ID","Lemhi ",7.8,32,39.1,21.1
"603",16061,"ID","Lewis ",11.5,29.4,41.8,17.3
"604",16063,"ID","Lincoln ",20.6,34.6,34.7,10.1
"605",16065,"ID","Madison ",4.1,15.7,43.9,36.4
"606",16067,"ID","Minidoka ",21.6,29.6,35.5,13.4
"607",16069,"ID","Nez Perce ",7.7,32.9,37.5,21.9
"608",16071,"ID","Oneida ",9,37,38.5,15.5
"609",16073,"ID","Owyhee ",25,34.3,29.5,11.2
"610",16075,"ID","Payette ",15,33.7,37.1,14.2
"611",16077,"ID","Power ",19.1,33.9,31,15.9
"612",16079,"ID","Shoshone ",14.4,38.5,35.5,11.6
"613",16081,"ID","Teton ",7.1,16.2,35.2,41.5
"614",16083,"ID","Twin Falls ",12.2,27.9,39.3,20.6
"615",16085,"ID","Valley ",5.4,29.9,34.7,30.1
"616",16087,"ID","Washington ",14.1,36.5,34.6,14.8
"618",17001,"IL","Adams ",7.4,34.5,33.3,24.8
"619",17003,"IL","Alexander ",19.1,37.8,31.8,11.3
"620",17005,"IL","Bond ",10.3,36.8,31.1,21.8
"621",17007,"IL","Boone ",13.8,35.2,27.7,23.2
"622",17009,"IL","Brown ",15.7,36.8,33.7,13.7
"623",17011,"IL","Bureau ",8.4,38.4,33.5,19.7
"624",17013,"IL","Calhoun ",9.4,43.6,33.4,13.6
"625",17015,"IL","Carroll ",8.6,41.5,31.8,18.1
"626",17017,"IL","Cass ",16,43.2,26.2,14.6
"627",17019,"IL","Champaign ",4.9,21.7,29,44.4
"628",17021,"IL","Christian ",11.2,41.9,30.3,16.6
"629",17023,"IL","Clark ",9.1,38.8,34.5,17.6
"630",17025,"IL","Clay ",10.1,37.2,37.6,15.2
"631",17027,"IL","Clinton ",10.1,32.2,35.2,22.5
"632",17029,"IL","Coles ",9.5,30,34.9,25.6
"633",17031,"IL","Cook ",13.3,23.3,25.4,38
"634",17033,"IL","Crawford ",13.1,29.9,40.4,16.6
"635",17035,"IL","Cumberland ",10.4,40.1,33.8,15.8
"636",17037,"IL","DeKalb ",7.6,25.5,35.5,31.4
"637",17039,"IL","De Witt ",8.9,36.9,32.8,21.3
"638",17041,"IL","Douglas ",17.7,32.7,30.7,19
"639",17043,"IL","DuPage ",7.4,18.3,25.5,48.8
"640",17045,"IL","Edgar ",10.8,38.3,34.1,16.7
"641",17047,"IL","Edwards ",8.5,35.1,42.5,13.9
"642",17049,"IL","Effingham ",7.4,36.4,33.8,22.5
"643",17051,"IL","Fayette ",17,39.7,31.6,11.7
"644",17053,"IL","Ford ",10,36,33.8,20.2
"645",17055,"IL","Franklin ",12.3,32.7,39.1,15.9
"646",17057,"IL","Fulton ",11.9,34.6,35.9,17.6
"647",17059,"IL","Gallatin ",12,40.7,37.4,9.9
"648",17061,"IL","Greene ",12.1,44.4,31.1,12.4
"649",17063,"IL","Grundy ",6.9,33,36.5,23.6
"650",17065,"IL","Hamilton ",11.5,33.8,36.4,18.3
"651",17067,"IL","Hancock ",6.8,38.1,33.8,21.3
"652",17069,"IL","Hardin ",18.9,32.9,37,11.2
"653",17071,"IL","Henderson ",9.9,43.5,31.2,15.4
"654",17073,"IL","Henry ",9.8,33.8,33.7,22.6
"655",17075,"IL","Iroquois ",10.8,39.9,33.8,15.4
"656",17077,"IL","Jackson ",7.8,23.7,32.5,36
"657",17079,"IL","Jasper ",10.7,40.2,31.6,17.5
"658",17081,"IL","Jefferson ",14,30.6,38,17.4
"659",17083,"IL","Jersey ",8.3,37.5,33.8,20.5
"660",17085,"IL","Jo Daviess ",8.2,37.1,30.9,23.8
"661",17087,"IL","Johnson ",17.8,31.5,34.2,16.5
"662",17089,"IL","Kane ",15.9,22.5,28.4,33.1
"663",17091,"IL","Kankakee ",12.1,33.6,33.3,21
"664",17093,"IL","Kendall ",7.9,23.4,33.3,35.4
"665",17095,"IL","Knox ",11.2,36.2,34.1,18.5
"666",17097,"IL","Lake ",9.4,21.1,24.4,45
"667",17099,"IL","La Salle ",11.3,35.6,35.1,17.9
"668",17101,"IL","Lawrence ",15.3,37,34.2,13.5
"669",17103,"IL","Lee ",11.2,34.2,37,17.7
"670",17105,"IL","Livingston ",10.7,43.1,30.5,15.7
"671",17107,"IL","Logan ",11.1,35,33.6,20.4
"672",17109,"IL","McDonough ",6.5,30.6,30.5,32.4
"673",17111,"IL","McHenry ",7.2,26.2,33,33.7
"674",17113,"IL","McLean ",4.1,25.1,26,44.8
"675",17115,"IL","Macon ",9.7,34.4,33.3,22.5
"676",17117,"IL","Macoupin ",9,38.6,33.1,19.4
"677",17119,"IL","Madison ",7.9,30.7,35.6,25.8
"678",17121,"IL","Marion ",11.2,35.2,38.6,15
"679",17123,"IL","Marshall ",7.2,41.4,34.6,16.8
"680",17125,"IL","Mason ",11.2,44.2,29.3,15.4
"681",17127,"IL","Massac ",13.8,34.2,38.8,13.2
"682",17129,"IL","Menard ",6.6,36.7,33.6,23.1
"683",17131,"IL","Mercer ",8.6,39.3,34.4,17.8
"684",17133,"IL","Monroe ",4,29.2,34.3,32.5
"685",17135,"IL","Montgomery ",13.4,39.9,31.1,15.6
"686",17137,"IL","Morgan ",8.3,40.7,31.1,19.9
"687",17139,"IL","Moultrie ",14.7,33.2,32.6,19.5
"688",17141,"IL","Ogle ",10.1,33.6,36.2,20
"689",17143,"IL","Peoria ",9.6,27,33.1,30.4
"690",17145,"IL","Perry ",15.6,38.6,34.1,11.7
"691",17147,"IL","Piatt ",6.4,34.1,31.6,27.9
"692",17149,"IL","Pike ",11.3,41.2,32.3,15.1
"693",17151,"IL","Pope ",14,34.4,38.1,13.4
"694",17153,"IL","Pulaski ",14.3,34.2,39.2,12.3
"695",17155,"IL","Putnam ",7.7,38.5,39.2,14.6
"696",17157,"IL","Randolph ",16.6,39.3,31.4,12.8
"697",17159,"IL","Richland ",12.2,29.9,36.7,21.3
"698",17161,"IL","Rock Island ",11.1,29.9,35.8,23.2
"699",17163,"IL","St. Clair ",9.2,28.6,34.9,27.3
"700",17165,"IL","Saline ",13.6,28.5,40.2,17.8
"701",17167,"IL","Sangamon ",7.6,27.9,30.3,34.2
"702",17169,"IL","Schuyler ",10.2,37.8,33.8,18.2
"703",17171,"IL","Scott ",7.4,48.7,29,15
"704",17173,"IL","Shelby ",7.8,44.9,30.5,16.9
"705",17175,"IL","Stark ",9.1,39.7,33.8,17.5
"706",17177,"IL","Stephenson ",7.1,36,37.7,19.3
"707",17179,"IL","Tazewell ",7.4,31.9,34.3,26.4
"708",17181,"IL","Union ",12.3,33,32,22.8
"709",17183,"IL","Vermilion ",11.9,41.1,31.9,15.1
"710",17185,"IL","Wabash ",9.5,30.8,42.6,17.2
"711",17187,"IL","Warren ",12.3,32.8,32,23
"712",17189,"IL","Washington ",7.9,33.6,37.9,20.6
"713",17191,"IL","Wayne ",11.6,36.3,37.5,14.6
"714",17193,"IL","White ",8.7,38.4,37.8,15.2
"715",17195,"IL","Whiteside ",9.7,37.1,34.8,18.5
"716",17197,"IL","Will ",9.1,26.7,30.2,34
"717",17199,"IL","Williamson ",8.8,30.6,38,22.6
"718",17201,"IL","Winnebago ",12.3,32,33.1,22.6
"719",17203,"IL","Woodford ",5.5,32.1,30.9,31.6
"721",18001,"IN","Adams ",15.9,39.7,29,15.3
"722",18003,"IN","Allen ",10.7,28.7,32.4,28.2
"723",18005,"IN","Bartholomew ",9.1,32.6,26,32.3
"724",18007,"IN","Benton ",10.5,43.2,29.4,16.9
"725",18009,"IN","Blackford ",10.6,48.1,27.7,13.6
"726",18011,"IN","Boone ",6.4,21.3,23.9,48.3
"727",18013,"IN","Brown ",8.8,32.6,31.2,27.4
"728",18015,"IN","Carroll ",10.8,40.7,31.2,17.2
"729",18017,"IN","Cass ",15.8,38.3,32,13.9
"730",18019,"IN","Clark ",10.8,34.2,34.1,20.9
"731",18021,"IN","Clay ",8.4,44.4,30.4,16.8
"732",18023,"IN","Clinton ",13.8,44.1,25.5,16.6
"733",18025,"IN","Crawford ",17.8,46.2,24.5,11.4
"734",18027,"IN","Daviess ",26.8,33.8,25.7,13.8
"735",18029,"IN","Dearborn ",9.4,40.2,28.8,21.6
"736",18031,"IN","Decatur ",9.1,43.8,27.5,19.6
"737",18033,"IN","DeKalb ",9.8,41.8,30.7,17.7
"738",18035,"IN","Delaware ",10.7,34.6,30.5,24.3
"739",18037,"IN","Dubois ",10,39.2,28.6,22.2
"740",18039,"IN","Elkhart ",18.8,35.2,26.8,19.2
"741",18041,"IN","Fayette ",17.4,43,28,11.6
"742",18043,"IN","Floyd ",9.7,30,30.7,29.5
"743",18045,"IN","Fountain ",11.3,44.2,29.5,15
"744",18047,"IN","Franklin ",11.8,42.8,25.6,19.8
"745",18049,"IN","Fulton ",12.6,40.3,32.7,14.4
"746",18051,"IN","Gibson ",9.1,39.7,33.8,17.4
"747",18053,"IN","Grant ",13,40.6,29.3,17.1
"748",18055,"IN","Greene ",12.3,41.7,31.2,14.8
"749",18057,"IN","Hamilton ",3.6,15.3,23.3,57.8
"750",18059,"IN","Hancock ",6.2,32.8,30.6,30.3
"751",18061,"IN","Harrison ",11,40.1,31.6,17.4
"752",18063,"IN","Hendricks ",6.6,27.2,29.8,36.3
"753",18065,"IN","Henry ",10.4,43.9,29.1,16.6
"754",18067,"IN","Howard ",11.1,36.5,31.2,21.2
"755",18069,"IN","Huntington ",9,42,30,19
"756",18071,"IN","Jackson ",13.4,43.5,27.5,15.5
"757",18073,"IN","Jasper ",11.8,42.3,31.1,14.9
"758",18075,"IN","Jay ",15.2,47.2,27,10.6
"759",18077,"IN","Jefferson ",9.9,42.3,29.9,17.9
"760",18079,"IN","Jennings ",14.6,45.9,28.5,11.1
"761",18081,"IN","Johnson ",8,31,29.2,31.8
"762",18083,"IN","Knox ",11.7,35.8,36,16.4
"763",18085,"IN","Kosciusko ",14.5,35.2,27.6,22.7
"764",18087,"IN","LaGrange ",36.3,32.4,20.9,10.4
"765",18089,"IN","Lake ",11.9,35,31,22.1
"766",18091,"IN","LaPorte ",11.7,39.3,31.1,17.9
"767",18093,"IN","Lawrence ",11.5,43.4,29.6,15.5
"768",18095,"IN","Madison ",11.9,39,31.1,18
"769",18097,"IN","Marion ",14.3,28,27.3,30.4
"770",18099,"IN","Marshall ",15.2,39,25.3,20.5
"771",18101,"IN","Martin ",14.5,43.2,28.9,13.4
"772",18103,"IN","Miami ",14.5,42.5,30.3,12.7
"773",18105,"IN","Monroe ",7.8,21.9,24.7,45.6
"774",18107,"IN","Montgomery ",10.5,41.3,30.1,18.1
"775",18109,"IN","Morgan ",12.3,40,30.8,16.9
"776",18111,"IN","Newton ",14.5,44.2,30.1,11.2
"777",18113,"IN","Noble ",15.9,40.7,29.2,14.3
"778",18115,"IN","Ohio ",12.3,45.6,28.3,13.7
"779",18117,"IN","Orange ",16.7,45.1,25.9,12.3
"780",18119,"IN","Owen ",14.8,42.6,29.9,12.6
"781",18121,"IN","Parke ",13.1,43.4,31.2,12.2
"782",18123,"IN","Perry ",10.6,47,27.5,14.9
"783",18125,"IN","Pike ",12.8,42.6,30.8,13.7
"784",18127,"IN","Porter ",6.9,34.5,30.4,28.2
"785",18129,"IN","Posey ",6.7,38.4,34.1,20.7
"786",18131,"IN","Pulaski ",11.8,47,28.7,12.5
"787",18133,"IN","Putnam ",10.8,43.8,29.3,16.1
"788",18135,"IN","Randolph ",13.2,42.5,30,14.3
"789",18137,"IN","Ripley ",10.6,43.5,27.8,18.1
"790",18139,"IN","Rush ",15.4,46,25.6,13
"791",18141,"IN","St. Joseph ",11.6,30.7,28.6,29.2
"792",18143,"IN","Scott ",16.1,44.2,27.8,11.9
"793",18145,"IN","Shelby ",12,42.7,25.9,19.4
"794",18147,"IN","Spencer ",9.9,44.9,30.3,14.9
"795",18149,"IN","Starke ",15.9,42.1,31.2,10.8
"796",18151,"IN","Steuben ",9.9,38.3,31.2,20.6
"797",18153,"IN","Sullivan ",11.3,44.7,33.2,10.8
"798",18155,"IN","Switzerland ",16.9,48.6,24.6,9.9
"799",18157,"IN","Tippecanoe ",8.3,25,29,37.7
"800",18159,"IN","Tipton ",11.6,41.1,24.3,23
"801",18161,"IN","Union ",11.4,48,23.7,16.9
"802",18163,"IN","Vanderburgh ",10.3,32.5,31,26.3
"803",18165,"IN","Vermillion ",9.7,44.2,32.8,13.4
"804",18167,"IN","Vigo ",11.9,32.2,31.4,24.5
"805",18169,"IN","Wabash ",11.7,42.5,27.4,18.4
"806",18171,"IN","Warren ",8.5,43.2,29.5,18.9
"807",18173,"IN","Warrick ",7,31.4,32,29.6
"808",18175,"IN","Washington ",15.4,43.6,27.7,13.2
"809",18177,"IN","Wayne ",13.2,38,30.5,18.2
"810",18179,"IN","Wells ",8.9,40,33,18.1
"811",18181,"IN","White ",11.4,41.4,30.5,16.8
"812",18183,"IN","Whitley ",7.3,39.7,32.1,20.9
"814",19001,"IA","Adair ",5.8,43.1,35.7,15.4
"815",19003,"IA","Adams ",5.9,39.1,37.3,17.7
"816",19005,"IA","Allamakee ",12.3,38.9,30.2,18.5
"817",19007,"IA","Appanoose ",9.1,37,36.7,17.1
"818",19009,"IA","Audubon ",10.2,40.1,35.2,14.6
"819",19011,"IA","Benton ",6.1,36.3,34.9,22.6
"820",19013,"IA","Black Hawk ",8.7,30.2,32.5,28.6
"821",19015,"IA","Boone ",5.7,32.3,37.2,24.8
"822",19017,"IA","Bremer ",3.8,32.3,33.5,30.3
"823",19019,"IA","Buchanan ",5.9,38.9,34.6,20.6
"824",19021,"IA","Buena Vista ",22.2,29.5,28.7,19.6
"825",19023,"IA","Butler ",7.3,37.8,37.4,17.5
"826",19025,"IA","Calhoun ",6,36.4,38.1,19.5
"827",19027,"IA","Carroll ",6.5,36.3,35,22.2
"828",19029,"IA","Cass ",11.8,37.9,30.7,19.6
"829",19031,"IA","Cedar ",5.1,35.9,36,23
"830",19033,"IA","Cerro Gordo ",6.9,30.8,39.6,22.7
"831",19035,"IA","Cherokee ",7.4,35.9,35.2,21.4
"832",19037,"IA","Chickasaw ",7.7,43.5,31.8,16.9
"833",19039,"IA","Clarke ",10.9,41.4,30.8,16.9
"834",19041,"IA","Clay ",6.5,34.1,36.8,22.6
"835",19043,"IA","Clayton ",8.8,43.6,30.5,17.2
"836",19045,"IA","Clinton ",8.9,37.2,34.8,19.1
"837",19047,"IA","Crawford ",22.2,36,29,12.8
"838",19049,"IA","Dallas ",4.7,18,28,49.4
"839",19051,"IA","Davis ",16.8,33.8,28.9,20.5
"840",19053,"IA","Decatur ",11.3,37.6,27.6,23.5
"841",19055,"IA","Delaware ",8.7,43.1,31.6,16.6
"842",19057,"IA","Des Moines ",8.4,32.8,38.2,20.5
"843",19059,"IA","Dickinson ",4.2,28.1,36.4,31.3
"844",19061,"IA","Dubuque ",7.6,33,29,30.5
"845",19063,"IA","Emmet ",9.5,33.3,37,20.2
"846",19065,"IA","Fayette ",7.9,38.9,33.4,19.8
"847",19067,"IA","Floyd ",10.7,34,35.3,19.9
"848",19069,"IA","Franklin ",9.4,36,36.9,17.7
"849",19071,"IA","Fremont ",7.5,35.9,37.3,19.3
"850",19073,"IA","Greene ",6.3,39.5,34,20.1
"851",19075,"IA","Grundy ",5.8,30.8,35.3,28
"852",19077,"IA","Guthrie ",7.2,38.6,34.5,19.8
"853",19079,"IA","Hamilton ",6.5,31.4,37.8,24.3
"854",19081,"IA","Hancock ",6.6,36.5,33.8,23.1
"855",19083,"IA","Hardin ",8.4,34.4,37.5,19.8
"856",19085,"IA","Harrison ",8.2,38,35,18.8
"857",19087,"IA","Henry ",7.1,37.7,35.2,20.1
"858",19089,"IA","Howard ",9.7,40.8,34.6,14.9
"859",19091,"IA","Humboldt ",7.8,35.9,35.4,20.8
"860",19093,"IA","Ida ",6.5,38.3,36.2,19
"861",19095,"IA","Iowa ",6.2,37.7,37,19.1
"862",19097,"IA","Jackson ",7.7,41.9,31.6,18.8
"863",19099,"IA","Jasper ",6.3,42.4,33.5,17.9
"864",19101,"IA","Jefferson ",7.3,27.7,33.4,31.6
"865",19103,"IA","Johnson ",4.7,16.2,26.1,53
"866",19105,"IA","Jones ",8.3,39.7,33.5,18.4
"867",19107,"IA","Keokuk ",7.5,41.2,33.2,18.2
"868",19109,"IA","Kossuth ",5.6,37.6,38.5,18.3
"869",19111,"IA","Lee ",7.8,41,35.5,15.7
"870",19113,"IA","Linn ",5.3,27.1,34.6,33
"871",19115,"IA","Louisa ",18.1,36.5,31.2,14.2
"872",19117,"IA","Lucas ",7.2,41.6,34.2,17
"873",19119,"IA","Lyon ",9.4,36.5,32.7,21.4
"874",19121,"IA","Madison ",5.1,35.9,35.1,23.9
"875",19123,"IA","Mahaska ",8.8,38.8,30,22.3
"876",19125,"IA","Marion ",6.6,35.5,31.5,26.4
"877",19127,"IA","Marshall ",16.4,34.1,30.6,19
"878",19129,"IA","Mills ",6.6,34.6,35.1,23.7
"879",19131,"IA","Mitchell ",10.1,39.9,32.4,17.7
"880",19133,"IA","Monona ",7.6,39.7,36,16.7
"881",19135,"IA","Monroe ",12,40.7,30.8,16.6
"882",19137,"IA","Montgomery ",9.9,37.1,35.5,17.5
"883",19139,"IA","Muscatine ",12.4,34.7,30.9,22
"884",19141,"IA","O'Brien ",7.7,38,34.5,19.9
"885",19143,"IA","Osceola ",10.9,38.5,32.4,18.1
"886",19145,"IA","Page ",9.1,34.6,34.9,21.3
"887",19147,"IA","Palo Alto ",6.5,29,39.5,25
"888",19149,"IA","Plymouth ",7,33.8,38.1,21
"889",19151,"IA","Pocahontas ",8.6,38.6,38.1,14.7
"890",19153,"IA","Polk ",8.5,24.8,30.6,36.1
"891",19155,"IA","Pottawattamie ",10.5,33.1,35.2,21.2
"892",19157,"IA","Poweshiek ",7,37.5,30.4,25.1
"893",19159,"IA","Ringgold ",7.7,38.9,32.8,20.6
"894",19161,"IA","Sac ",7.4,37.2,34.8,20.6
"895",19163,"IA","Scott ",7.1,29.9,31.2,31.9
"896",19165,"IA","Shelby ",8.1,36.1,35.1,20.8
"897",19167,"IA","Sioux ",9.2,31.4,31.4,28.1
"898",19169,"IA","Story ",2.9,17.9,28,51.1
"899",19171,"IA","Tama ",9.1,40,34.8,16.1
"900",19173,"IA","Taylor ",9.8,39.2,36.1,14.9
"901",19175,"IA","Union ",9.8,36.3,36.8,17.2
"902",19177,"IA","Van Buren ",10.1,40.8,35,14.1
"903",19179,"IA","Wapello ",12.1,35.7,34.3,18
"904",19181,"IA","Warren ",4.3,30.4,33.6,31.7
"905",19183,"IA","Washington ",8.9,39.3,30.3,21.5
"906",19185,"IA","Wayne ",11.1,44.7,31.2,13
"907",19187,"IA","Webster ",9.2,34.1,37.1,19.6
"908",19189,"IA","Winnebago ",8.2,33.3,36.1,22.4
"909",19191,"IA","Winneshiek ",5.3,32.7,32.2,29.7
"910",19193,"IA","Woodbury ",13.3,32.2,31.5,23
"911",19195,"IA","Worth ",7.2,37.2,40,15.5
"912",19197,"IA","Wright ",8.2,35.9,38.3,17.7
"914",20001,"KS","Allen ",8.1,34,37.5,20.4
"915",20003,"KS","Anderson ",8.7,41.5,32.3,17.5
"916",20005,"KS","Atchison ",7.6,37.6,32.9,21.9
"917",20007,"KS","Barber ",8.5,34.9,38.3,18.3
"918",20009,"KS","Barton ",11.4,32.4,37.8,18.4
